intrinsic: 
4444.03837      0               346.624622
0               4887.640873     222.717082
0               0               1

distortion: 
0.375011988 -222.608858  0.0481941815 -0.0798446067  0

