intrinsic: 
866.3989207468165 0                625.4784775799342
0                 865.854336160538 527.9252572428589
0                 0                1

distortion: 
-0.09801478278706863 0.1094118268731477 -0.0008451032582493031 -0.0001534797421727585 0

